start=35.533333
volume=70.000000
