start=7.473767
volume=25.000000
