start=17.517500
speed=2.000000
pause=yes
volume=100.000000
