start=116.132667
pause=yes
volume=40.000000
