start=6867.819292
speed=1.610510
volume=200.000000
fullscreen=yes
sub-pos=98
sub-scale=0.700000
