start=59.866667
volume=60.000000
