start=2371.673211
speed=1.464100
volume=100.000000
