start=523.556000
volume=25.000000
