start=131.166667
volume=70.000000
