start=6.272944
pause=yes
volume=25.000000
