start=218.718500
volume=70.000000
