start=147.680867
volume=40.000000
