start=5926.500000
speed=1.464100
volume=35.000000
sid=1
sub-delay=-1.012000
sub-ass-override=no
