start=1827.066667
volume=75.000000
