start=0.000000
pause=yes
volume=100.000000
deinterlace=yes
sub-pos=98
sub-scale=0.800000
