start=141.100000
pause=yes
volume=100.000000
