start=565.481583
volume=145.000000
sid=6
