start=175.688000
pause=yes
volume=60.000000
