start=82.540792
volume=80.000000
