start=1032.698333
volume=115.000000
sid=2
