start=2.716667
pause=yes
volume=80.000000
