start=104.003900
volume=100.000000
