start=345.933333
volume=100.000000
